"Distance [mm]"	"Mag_B [mTesla]"
0	48.8188252289774
0.0450004	48.9928783430877
0.0900008	49.167430638931
0.1350012	49.3424822123047
0.1800016	49.5180331600789
0.225002	49.6940835801958
0.2700024	49.8706335716699
0.3150028	50.0476832345881
0.3600032	50.2252326701096
0.4050036	50.4032819804657
0.450004	50.5818312689604
0.4950044	50.7608806399697
0.5400048	50.9404301989421
0.5850052	51.1192022326823
0.6300056	51.2973240046992
0.675006	51.4752389166347
0.7200064	51.6529412831535
0.7650068	51.8304254511763
0.8100072	52.0076857998805
0.8550076	52.1847167406999
0.900008	52.3615127173246
0.9450084	52.5380682057011
0.9900088	52.7143777140325
1.0350092	52.8904357827782
1.0800096	53.0662369846539
1.12501	53.2417759246318
1.1700104	53.4170472399408
1.2150108	53.5920456000657
1.2600112	53.766765706748
1.3050116	53.9412022939857
1.350012	54.1153501280327
1.3950124	54.2892040074004
1.4400128	54.4627587628554
1.4850132	54.6360092574213
1.5300136	54.8089503863782
1.575014	54.9815770772624
1.6200144	55.1538842898666
1.6650148	55.3451961697579
1.7100152	55.541556340592
1.7550156	55.7410422355119
1.800016	55.9436507180059
1.8450164	56.1493786673512
1.8900168	56.3582229786131
1.9350172	56.5701805626446
1.9800176	56.7852483460869
2.025018	57.0034232713696
2.0700184	57.2247022967101
2.1150188	57.4490823961141
2.1600192	57.6765605593749
2.2050196	57.9071337920749
2.25002	58.1407991155835
2.2950204	58.377553567059
2.3400208	58.6173941994473
2.3850212	58.8603180814828
2.4300216	59.1063222976877
2.475022	59.3554039483725
2.5200224	59.6075601496355
2.5650228	59.8627880333636
2.6100232	60.1210847472311
2.6550236	60.3824474547013
2.700024	60.6468733350248
2.7450244	60.9143595832407
2.7900248	61.1849034101762
2.8350252	61.4585020424464
2.8800256	61.7351527224545
2.925026	62.0148527083923
2.9700264	62.2975992742389
3.0150268	62.5833897097623
3.0600272	62.872221320518
3.1050276	63.1640914278498
3.150028	63.4589973688898
3.1950284	63.7569364965579
3.2400288	64.0579061795624
3.2850292	64.3619038023992
3.3300296	64.6689267653529
3.37503	64.9789724844961
3.4200304	65.2920383916889
3.4650308	65.6081219345804
3.5100312	65.927220576607
3.5550316	66.2493317969935
3.600032	66.5744530907531
3.6450324	66.9025819686866
3.6900328	67.2337159573835
3.7350332	67.5678525992206
3.7800336	67.9049894523636
3.825034	68.245124090766
3.8700344	68.5882541041689
3.9150348	68.9343770981024
3.9600352	69.2834906938841
4.0050356	69.6355925286199
4.050036	69.9906802552035
4.0950364	70.3487515423173
4.1400368	70.7098040744313
4.1850372	71.0738355518038
4.2300376	71.4408436904811
4.275038	71.8108262222978
4.3200384	72.1837808948765
4.3650388	72.5597054716276
4.4100392	72.9385977317501
4.4550396	73.3204554702308
4.50004	73.7052764978447
4.5450404	74.0930586411548
4.5900408	74.4837997425123
4.6350412	74.8774976600565
4.6800416	75.2741502677149
4.725042	75.6737554552028
4.7700424	76.0763111280239
4.8150428	76.4818152074696
4.8600432	76.8902656306202
4.9050436	77.3016603503433
4.950044	77.7159973352946
4.9950444	78.1332745699187
5.0400448	78.5534900544476
5.0850452	78.9766418049014
5.1300456	79.4027278530886
5.175046	79.8317462466059
5.2200464	80.2636950488378
5.2650468	80.6985723389566
5.3100472	81.1363762119237
5.3550476	81.5771047784878
5.400048	82.0207561651859
5.4450484	82.4673285143427
5.4900488	82.9168199840721
5.5350492	83.3692287482748
5.5800496	83.8245529966406
5.62505	84.984753527973
5.6700504	86.3235697067291
5.7150508	87.7017375672324
5.7600512	89.1188151061182
5.8050516	90.5743680346796
5.850052	92.0679697788666
5.8950524	93.5992014792864
5.9400528	95.1676519912031
5.9850532	96.7729178845381
6.0300536	98.4146034438703
6.075054	100.092320668435
6.1200544	101.805689272125
6.1650548	103.554336683491
6.2100552	105.33789804574
6.2550556	107.156016216735
6.300056	109.008341768998
6.3450564	110.894532989708
6.3900568	112.814255880701
6.4350572	114.767184158468
6.4800576	116.752999254161
6.525058	118.771390313585
6.5700584	120.822054197206
6.6150588	122.904695480144
6.6600592	125.019026452179
6.7050596	127.164767117745
6.75006	129.341645195935
6.7950604	131.5493961205
6.8400608	133.787763039845
6.8850612	136.056496817036
6.9300616	138.355356029794
6.975062	140.684106970496
7.0200624	143.042523646179
7.0650628	145.430387778535
7.1100632	147.847488803914
7.1550636	150.293623873323
7.200064	152.768597852425
7.2450644	155.272223321543
7.2900648	157.804320575654
7.3350652	160.364717624395
7.3800656	162.953250192057
7.425066	165.56976171759
7.4700664	168.214103354601
7.5150668	170.886133971355
7.5600672	173.585720150772
7.6050676	176.312736190431
7.650068	179.067064102566
7.6950684	181.848593614071
7.7400688	184.657222166496
7.7850692	187.492854916047
7.8300696	190.355404733588
7.87507	193.24479220464
7.9200704	196.160945629381
7.9650708	199.103801022648
8.0100712	202.073302113932
8.0550716	205.069400347382
8.100072	208.092054881806
8.1450724	211.141232590668
8.1900728	214.216908062089
8.2350732	217.319063598846
8.2800736	220.447689218375
8.325074	223.60278265277
8.3700744	226.784349348778
8.4150748	229.992402467807
8.4600752	233.226962885921
8.5050756	236.488059193841
8.550076	239.775727696944
8.5950764	243.090012415267
8.6400768	246.4309650835
8.6850772	249.798645150995
8.7300776	253.193119781758
8.775078	256.614463854452
8.8200784	260.062759962399
8.8650788	263.538098413576
8.9100792	267.040577230619
8.9550796	270.570302150819
9.00008	273.894672265082
9.0450804	276.955948087009
9.0900808	280.068702867727
9.1350812	283.232775433937
9.1800816	286.448007704082
9.225082	289.71424468835
9.2700824	293.031334488678
9.3150828	296.399128298743
9.3600832	299.817480403971
9.4050836	303.28624818153
9.450084	306.805292100338
9.4950844	310.374475721053
9.5400848	313.993665696082
9.5850852	317.662731769574
9.6300856	321.381546777427
9.675086	325.149986647281
9.7200864	328.967930398521
9.7650868	332.835260142281
9.8100872	336.751861081437
9.8550876	340.71762151061
9.900088	344.732432816168
9.9450884	348.796189476223
9.9900888	352.908789060632
10.0350892	357.471321176695
10.0800896	362.011731629769
10.12509	366.392812095478
10.1700904	370.615245729153
10.2150908	374.679754681892
10.2600912	378.587100100555
10.3050916	382.338082127767
10.350092	385.933539901914
10.3950924	389.374351557149
10.4400928	392.661434223386
10.4850932	395.795744026305
10.5300936	398.778276087349
10.575094	401.610064523724
10.6200944	404.681013022224
10.6650948	408.165734009704
10.7100952	411.629811741473
10.7550956	415.071775342401
10.800096	418.490176633566
10.8450964	421.883590132261
10.8900968	425.250613051988
10.9350972	428.589865302459
10.9800976	431.899989489598
11.025098	435.179650915542
11.0700984	438.427537578635
11.1150988	441.642360173436
11.1600992	444.822852090712
11.2050996	447.967769417441
11.2501	451.075890936815
11.2951004	454.146018128234
11.3401008	457.17697516731
11.3851012	460.167608925867
11.4301016	463.116788971938
11.475102	466.023407569768
11.5201024	468.886379679813
11.5651028	471.704642958741
11.6101032	474.477157759429
11.6551036	477.202907130967
11.700104	479.880896818654
11.7451044	482.510155263999
11.7901048	485.089733604729
11.8351052	487.618705674773
11.8801056	490.096168004276
11.925106	492.521239819593
11.9701064	494.893063043291
12.0151068	497.210802294145
12.0601072	499.473644887143
12.1051076	501.680800833486
12.150108	503.831502840581
12.1951084	505.925006312052
12.2401088	507.960589347728
12.2851092	509.937552743656
12.3301096	511.855219992085
12.37511	513.712937281482
12.4201104	515.510073496523
12.4651108	517.246020218095
12.5101112	518.920191723296
12.5551116	520.532024985434
12.600112	522.080979674028
12.6451124	523.566538154812
12.6901128	524.988205489724
12.7351132	526.34550943692
12.7801136	527.638000450762
12.825114	528.865251681825
12.8701144	530.026858976895
12.9151148	531.122440878969
12.9601152	532.151638627254
13.0051156	533.11411615717
13.050116	534.009560100346
13.0951164	534.837679784622
13.1401168	535.598207234052
13.1851172	536.290897168896
13.2301176	536.915527005629
13.275118	537.471896856936
13.3201184	537.959829531712
13.3651188	538.379170535065
13.4101192	538.72978806831
13.4551196	539.01157302898
13.50012	539.224439010811
13.5451204	539.368322303754
13.5901208	539.443181893972
13.6351212	539.448999463837
13.6801216	539.385779391933
13.725122	539.253548753055
13.7701224	539.052357318207
13.8151228	538.782277554607
13.8601232	538.443404625682
13.9051236	538.035856391071
13.950124	537.559773406624
13.9951244	537.015318924401
14.0401248	536.402678892673
14.0851252	535.722061955924
14.1301256	534.973699454846
14.175126	534.157845426345
14.2201264	533.274776603535
14.2651268	532.324792415744
14.3101272	531.308214988509
14.3551276	530.225389143579
14.400128	529.076682398913
14.4451284	527.862484968681
14.4901288	526.583209763265
14.5351292	525.239292389258
14.5801296	523.831191149463
14.62513	522.359387042894
14.6701304	520.824383764779
14.7151308	519.22670770655
14.7601312	517.566907955858
14.8051316	515.845556296561
14.850132	514.063247208727
14.8951324	512.220597868638
14.9401328	510.318248148784
14.9851332	508.356860617869
15.0301336	506.337120540805
15.075134	504.259735878717
15.1201344	503.375307531187
15.1651348	503.624009125263
15.2101352	503.870237016789
15.2551356	504.113989155234
15.300136	504.355263625181
15.3451364	504.59405864633
15.3901368	504.830372573497
15.4351372	505.064203896614
15.4801376	505.295551240729
15.525138	505.524413366004
15.5701384	505.750789167718
15.6151388	505.974677676267
15.6601392	506.196078057161
15.7051396	506.384069290498
15.75014	506.444334236466
15.7951404	506.503697370012
15.8401408	506.562158357842
15.8851412	506.619716871426
15.9301416	506.676372586992
15.975142	506.732125185542
16.0201424	506.786974352836
16.0651428	506.840919779398
16.1101432	506.893961160519
16.1551436	506.946098196254
16.200144	506.99733059142
16.2451444	507.0476580556
16.2901448	507.097080303141
16.3351452	507.145597053155
16.3801456	507.193208029516
16.425146	507.239912960866
16.4701464	507.285711580606
16.5151468	507.330603626905
16.5601472	507.374588842699
16.6051476	507.41766697568
16.650148	507.459837778312
16.6951484	507.501101007819
16.7401488	507.541456426192
16.7851492	507.580903800182
16.8301496	507.61944290131
16.87515	507.657073505856
16.9201504	507.693795394869
16.9651508	507.729608354159
17.0101512	507.764512174301
17.0551516	507.798506650633
17.100152	507.831591583261
17.1451524	507.863766777053
17.1901528	507.895032041638
17.2351532	507.925387191416
17.2801536	507.954832045546
17.325154	507.983366427953
17.3701544	508.010990167327
17.4151548	508.037703097121
17.4601552	508.063505055553
17.5051556	508.088395885605
17.550156	508.112375435022
17.5951564	508.135443556317
17.6401568	508.157600106763
17.6851572	508.1788449484
17.7301576	508.199177948032
17.775158	508.218598977225
17.8201584	508.237107912312
17.8651588	508.254704634388
17.9101592	508.271389029314
17.9551596	508.287160987716
18.00016	508.302020404981
18.0451604	508.315967181263
18.0901608	508.32900122148
18.1351612	508.341122435312
18.1801616	508.352330737207
18.225162	508.362626046374
18.2701624	508.372008286788
18.3151628	508.380477387189
18.3601632	508.388033281077
18.4051636	508.394675906722
18.450164	508.400405207154
18.4951644	508.405221130171
18.5401648	508.409123628331
18.5851652	508.412112658958
18.6301656	508.414188184143
18.675166	508.415350170737
18.7201664	508.415598590356
18.7651668	508.414933419385
18.8101672	508.413354638967
18.8551676	508.410862235013
18.900168	508.407456198197
18.9451684	508.403136523958
18.9901688	508.397903212497
19.0351692	508.391756268781
19.0801696	508.384695702545
19.12517	508.37672152828
19.1701704	508.367833765248
19.2151708	508.358032437473
19.2601712	508.347317573743
19.3051716	508.33568920761
19.350172	508.323147377392
19.3951724	508.30969212617
19.4401728	508.295323501788
19.4851732	508.280041556856
19.5301736	508.26384634875
19.575174	508.246737939606
19.6201744	508.228716396327
19.6651748	508.209781790579
19.7101752	508.189934198794
19.7551756	508.169173702167
19.800176	508.147500386658
19.8451764	508.124914342988
19.8901768	508.101415666649
19.9351772	508.077004457891
19.9801776	508.05168082173
20.025178	508.025444867948
20.0701784	507.99829671109
20.1151788	507.970236470465
20.1601792	507.941264270146
20.2051796	507.919582776669
20.25018	507.920422600793
20.2951804	507.921331730851
20.3401808	507.922310166865
20.3851812	507.923357908931
20.4301816	507.92447495721
20.475182	507.925661311942
20.5201824	507.926916973428
20.5651828	507.928241942049
20.6101832	507.929636218252
20.6551836	507.931099802554
20.700184	507.932632695547
20.7451844	507.934234897889
20.7901848	507.935906410313
20.8351852	507.933587253121
20.8801856	507.931057161183
20.925186	507.928573899226
20.9701864	507.92613746742
21.0151868	507.923747865959
21.0601872	507.921405095066
21.1051876	507.919109154987
21.150188	507.916860045993
21.1951884	507.914657768384
21.2401888	507.912502322481
21.2851892	507.910393708634
21.3301896	507.908331927218
21.37519	507.906316978632
21.4201904	507.904348863301
21.4651908	507.902427581678
21.5101912	507.900553134238
21.5551916	507.898725521485
21.600192	507.905269191752
21.6451924	507.924005547441
21.6901928	507.94232193759
21.7351932	507.960218337736
21.7801936	507.977694723969
21.825194	507.994751072938
21.8701944	508.011387361843
21.9151948	508.027603568445
21.9601952	508.043399671058
22.0051956	508.058775648552
22.050196	508.073731480355
22.0951964	508.088267146447
22.1401968	508.102382627367
22.1851972	508.116077904209
22.2301976	508.129352958622
22.275198	508.142207772813
22.3201984	508.154642329541
22.3651988	508.166656612125
22.4101992	508.178250604437
22.4551996	508.189424290906
22.5002	508.200177656518
22.5452004	508.210510686812
22.5902008	508.220423367885
22.6352012	508.22991568639
22.6802016	508.238987629533
22.725202	508.247639185079
22.7702024	508.255870341348
22.8152028	508.263681087216
22.8602032	508.271071412113
22.9052036	508.278041306028
22.950204	508.284590759503
22.9952044	508.290719763637
23.0402048	508.296428310084
23.0852052	508.301716391056
23.1302056	508.306583999319
23.175206	508.311031128195
23.2202064	508.315057771562
23.2652068	508.318663923855
23.3102072	508.321849580063
23.3552076	508.324614735731
23.400208	508.326959386961
23.4452084	508.328883530412
23.4902088	508.330387163295
23.5352092	508.33147028338
23.5802096	508.33213288899
23.62521	508.332374979009
23.6702104	508.332196552871
23.7152108	508.331597610569
23.7602112	508.330578152651
23.8052116	508.329138180222
23.850212	508.32727769494
23.8952124	508.324996699023
23.9402128	508.322295195241
23.9852132	508.319173186922
24.0302136	508.315630677949
24.075214	508.311667672761
24.1202144	508.307284176352
24.1652148	508.302480194276
24.2102152	508.297255732636
24.2552156	508.291610798096
24.300216	508.285545397873
24.3452164	508.279059539743
24.3902168	508.272153232036
24.4352172	508.264826483636
24.4802176	508.257079303985
24.525218	508.248911703082
24.5702184	508.240323691478
24.6152188	508.231315280285
24.6602192	508.221886481165
24.7052196	508.212037306341
24.75022	508.201767768588
24.7952204	508.19107788124
24.8402208	508.179967658185
24.8852212	508.168437113867
24.9302216	508.156486263285
24.975222	508.144115121996
25.0202224	508.131323706112
25.0652228	508.118112032299
25.1102232	508.104480117782
25.1552236	508.090427980338
25.200224	508.075955638305
25.2452244	508.061063110573
25.2902248	508.045750416587
25.3352252	508.030017576351
25.3802256	508.013864610424
25.425226	507.997291539918
25.4702264	507.980298386505
25.5152268	507.962885172411
25.5602272	507.945051920416
25.6052276	507.926798653859
25.650228	507.908125396634
25.6952284	507.889032173189
25.7402288	507.86951900853
25.7852292	507.849585928217
25.8302296	507.829232958368
25.87523	507.808460125655
25.9202304	507.787267457306
25.9652308	507.765654981105
26.0102312	507.743622725394
26.0552316	507.721170719068
26.100232	507.698298991578
26.1452324	507.675007572932
26.1902328	507.651296493696
26.2352332	507.627165784986
26.2802336	507.602615478477
26.325234	507.577645606404
26.3702344	507.55225620155
26.4152348	507.52644729726
26.4602352	507.500218927431
26.5052356	507.473571126518
26.550236	507.446503929531
26.5952364	507.419017372036
26.6402368	507.391111490155
26.6852372	507.362786320567
26.7302376	507.334041900504
26.775238	507.304878267756
26.8202384	507.275295460668
26.8652388	507.245293518141
26.9102392	507.214872479632
26.9552396	507.184032385155
27.00024	507.152773275277
27.0452404	507.121095191123
27.0902408	507.088998174373
27.1352412	507.056482267264
27.1802416	507.023547512588
27.225242	506.990193953691
27.2702424	506.956421634479
27.3152428	506.92223059941
27.3602432	506.8876208935
27.4052436	506.852592562319
27.450244	506.817145651995
27.4952444	506.781280209212
27.5402448	506.68143577264
27.5852452	506.569826846497
27.6302456	506.457552427477
27.675246	506.344612737063
27.7202464	506.231008004171
27.7652468	506.116738465153
27.8102472	506.001804363798
27.8552476	505.886205951328
27.900248	505.769943486402
27.9452484	505.653017235113
27.9902488	505.53542747099
28.0352492	505.417174474998
28.0802496	505.298258535535
28.12525	505.178679948438
28.1702504	505.058439016976
28.2152508	504.937536051855
28.2602512	504.815971371215
28.3052516	505.230320253275
28.350252	506.810196710147
28.3952524	508.356806321697
28.4402528	509.869794918083
28.4852532	511.348816304363
28.5302536	512.793532260479
28.575254	514.203612541268
28.6202544	515.578734876456
28.6652548	516.918584970659
28.7102552	518.222856503386
28.7552556	519.491251129034
28.800256	520.723478476894
28.8452564	521.919256151144
28.8902568	523.078309730855
28.9352572	524.20037276999
28.9802576	525.285186797399
29.025258	526.332501316827
29.0702584	527.342073806906
29.1152588	528.31366972116
29.1602592	529.247062488006
29.2052596	530.14203351075
29.25026	530.998372167588
29.2952604	531.815875811608
29.3402608	532.594349770786
29.3852612	533.333607347994
29.4302616	534.033469820989
29.475262	534.693766442424
29.5202624	535.314334439839
29.5652628	535.895019015666
29.6102632	536.435673347228
29.6552636	536.936158586738
29.700264	537.396343861302
29.7452644	537.816106272912
29.7902648	538.195330898455
29.8352652	538.53391078971
29.8802656	538.831746973341
29.925266	539.088748450908
29.9702664	539.304832198858
30.0152668	539.479923168533
30.0602672	539.61395428616
30.1052676	539.706866452864
30.150268	539.758608544654
30.1952684	539.769137412432
30.2402688	539.738417881994
30.2852692	539.666422754023
30.3302696	539.553132804094
30.37527	539.398536782671
30.4202704	539.202631415112
30.4652708	538.965421401663
30.5102712	538.686919417463
30.5552716	538.367146112541
30.600272	538.006130111814
30.6452724	537.603908015094
30.6902728	537.160524397081
30.7352732	536.676031807368
30.7802736	536.150490770436
30.825274	535.583969785657
30.8702744	534.976545327298
30.9152748	534.328301844512
30.9602752	533.639331761344
31.0052756	532.909735476732
31.050276	532.1396213645
31.0952764	531.329105773367
31.1402768	530.478313026942
31.1852772	529.587375423724
31.2302776	528.656433237103
31.275278	527.685634715359
31.3202784	526.675136081664
31.3652788	525.62510153408
31.4102792	524.535703245561
31.4552796	523.407121363948
31.50028	522.239544011978
31.5452804	521.033167287274
31.5902808	519.788195262355
31.6352812	518.504839984626
31.6802816	517.183321476383
31.725282	515.823867734817
31.7702824	514.426714732006
31.8152828	512.99210641492
31.8602832	511.520294705417
31.9052836	510.011539500251
31.950284	508.466108671063
31.9952844	506.884278064387
32.0402848	505.266331501644
32.0852852	503.612560779151
32.1302856	501.923265668112
32.175286	500.198753914622
32.2202864	498.439341239668
32.2652868	496.645351339127
32.3102872	494.817115883769
32.3552876	492.95497451925
32.400288	491.059274866121
32.4452884	489.130372519822
32.4902888	487.168631050684
32.5352892	485.17442200393
32.5802896	483.148124899671
32.62529	481.090127232911
32.6702904	479.000824473544
32.7152908	476.880620066356
32.7602912	474.729925431019
32.8052916	472.549159962103
32.850292	470.338751029064
32.8952924	468.09913397625
32.9402928	465.830752122899
32.9852932	463.534056763141
33.0302936	461.209507165995
33.075294	458.857570575374
33.1202944	456.478722210077
33.1652948	454.073445263799
33.2102952	451.642230905121
33.2552956	449.185578277518
33.300296	446.703994499355
33.3452964	444.197994663887
33.3902968	441.66810183926
33.4352972	439.11484706851
33.4802976	436.538769369566
33.525298	433.940415735246
33.5702984	431.320341133259
33.6152988	428.679108506205
33.6602992	426.017288771576
33.7052996	423.335460821752
33.7503	420.634211524005
33.7953004	417.914135720498
33.8403008	415.175836228286
33.8853012	412.419923839313
33.9303016	409.647017320413
33.975302	406.857743413313
34.0203024	404.05273683463
34.0653028	401.232640275871
34.1103032	398.398104403434
34.1553036	395.549787858608
34.200304	392.688357257573
34.2453044	390.195940474365
34.2903048	387.74909945573
34.3353052	385.220118707801
34.3803056	382.608615779779
34.425306	379.914221690708
34.4703064	377.136580929472
34.5153068	374.275351454793
34.5603072	371.33020469524
34.6053076	368.300825549216
34.650308	365.18691238497
34.6953084	361.988177040588
34.7403088	358.704344823998
34.7853092	355.33515451297
34.8303096	351.880358355114
34.87531	348.33972206788
34.9203104	344.71302483856
34.9653108	341.000059324285
35.0103112	337.393789194306
35.0553116	334.440050100205
35.100312	331.502857532308
35.1453124	328.58213619731
35.1903128	325.677812129042
35.2353132	322.789812688467
35.2803136	319.918066563688
35.325314	317.062503769943
35.3703144	314.223055649604
35.4153148	311.399654872181
35.4603152	308.592235434318
35.5053156	305.800732659796
35.550316	303.025083199533
35.5953164	300.265225031581
35.6403168	297.521097461127
35.6853172	294.792641120497
35.7303176	292.07979796915
35.775318	289.382511293683
35.8203184	286.700725707827
35.8653188	284.034387152449
35.9103192	281.383442895554
35.9553196	278.747841532281
36.00032	276.127532984906
36.0453204	273.522468502838
36.0903208	270.932600662626
36.1353212	268.357883367952
36.1803216	265.798271849634
36.225322	263.253722665629
36.2703224	260.724193701024
36.3153228	258.209644168047
36.3603232	255.710034606061
36.4053236	253.225326881563
36.450324	250.755484188186
36.4953244	248.300471046701
36.5403248	245.860253305014
36.5853252	243.434798138164
36.6303256	241.024074048331
36.675326	238.628050864826
36.7203264	236.246699744099
36.7653268	233.879993169735
36.8103272	231.527904952455
36.8553276	229.190410230114
36.900328	226.867485467705
36.9453284	224.559108457357
36.9903288	222.265258318334
37.0353292	219.985915497036
37.0803296	217.721061766997
37.12533	215.470680228891
37.1703304	213.234755310525
37.2153308	211.013272766842
37.2603312	208.806219679921
37.3053316	206.613584458978
37.350332	204.435356840363
37.3953324	202.271527887564
37.4403328	200.122089991203
37.4853332	197.987036869038
37.5303336	195.866363565964
37.575334	193.760066454011
37.6203344	191.668143232346
37.6653348	189.590592927269
37.7103352	187.52741589222
37.7553356	185.478613807772
37.800336	183.444189681634
37.8453364	181.424147848652
37.8903368	179.418493970806
37.9353372	177.427235037215
37.9803376	175.450379364131
38.025338	173.487936594943
38.0703384	171.539917700175
38.1153388	169.606334977489
38.1603392	167.68720205168
38.2053396	165.78253387468
38.25034	163.892346725559
38.2953404	162.016658210519
38.3403408	160.155487262902
38.3853412	158.308854143181
38.4303416	156.47678043897
38.475342	154.659289065015
38.5203424	152.856404263199
38.5653428	151.068151602542
38.6103432	149.294557979199
38.6553436	147.53565161646
38.700344	145.791462064753
38.7453444	144.062020201639
38.7903448	142.347358231817
38.8353452	140.647509687122
38.8803456	138.962509426523
38.925346	137.292393636126
38.9703464	135.637199829174
39.0153468	133.996966846044
39.0603472	132.371734854249
39.1053476	130.761545348439
39.150348	129.1664411504
39.1953484	127.586466409051
39.2403488	126.021666600451
39.2853492	124.472088527792
39.3303496	122.937780321403
39.37535	121.418791438748
39.4203504	119.915172664427
39.4653508	118.426976110178
39.5103512	116.954255214871
39.5553516	115.497064744516
39.600352	114.055460792256
39.6453524	112.629500778369
39.6903528	111.219243450274
39.7353532	109.824748882519
39.7803536	108.446078476794
39.825354	107.083294961919
39.8703544	105.736462393856
39.9153548	104.405646155699
39.9603552	103.090912957678
40.0053556	101.792330837159
40.050356	100.509969158647
40.0953564	99.2438986137767
40.1403568	97.9941912213249
40.1853572	96.7609203272003
40.2303576	95.5441606044494
40.275358	94.3439880532535
40.3203584	93.1604800009301
40.3653588	91.9937151019329
40.4103592	90.8437733378509
40.4553596	89.7107360174094
40.50036	88.5946857764691
40.5453604	87.4957065780271
40.5903608	86.4138837122158
40.6353612	85.3493037963041
40.6803616	84.302054774696
40.725362	83.2722259189321
40.7703624	82.2599078276882
40.8153628	81.2651924267766
40.8603632	80.2881729691449
40.9053636	79.3289440348766
40.950364	78.3876015311918
40.9953644	77.4642426924451
41.0403648	76.5589660801289
41.0853652	75.671871582869
41.1303656	74.8030604164293
41.175366	73.9526351237083
41.2203664	73.1206995747407
41.2653668	72.3073589666971
41.3103672	71.5127198238836
41.3553676	70.7368899977428
41.400368	69.9799786668528
41.4453684	69.27871429532
41.4903688	68.6079419701438
41.5353692	67.9554411300541
41.5803696	67.3211931290491
41.62537	66.7051793771702
41.6703704	66.1073813405031
41.7153708	65.527780541177
41.7603712	64.966358557365
41.8053716	64.464191295395
41.850372	64.3951164053007
41.8953724	64.3250566459466
41.9403728	64.254007828486
41.9853732	64.1819657986974
42.0303736	64.108926436985
42.075374	64.0348856583776
42.1203744	63.9598394125302
42.1653748	63.7562612952531
42.2103752	63.5354801854497
42.2553756	63.3148187810886
42.300376	63.094275804422
42.3453764	62.8738499881502
42.3903768	62.6535400754222
42.4353772	62.4333448198348
42.4803776	62.2132629854333
42.525378	61.9932933467113
42.5703784	61.7734346886106
42.6153788	61.5536858065215
42.6603792	61.3340455062824
42.7053796	61.11451260418
42.75038	60.8950859269493
42.7953804	60.6757643117736
42.8403808	60.4565466062846
42.8853812	60.237431668562
42.9303816	60.018418367134
42.975382	59.7995055809771
43.0203824	59.5806921995161
43.0653828	59.361977122624
43.1103832	59.143359260622
43.1553836	58.9248375342798
43.200384	58.7064108748153
43.2453844	58.4880782238946
43.2903848	58.2698385336322
43.3353852	58.0516907665908
43.3803856	57.8336338957815
43.425386	57.6156669046636
43.4703864	57.3977887871446
43.5153868	57.1799985475807
43.5603872	56.9622952007758
43.6053876	56.7446777719824
43.650388	56.5271452969013
43.6953884	56.3096968216815
43.7403888	56.0923314029205
43.7853892	55.8750481076638
43.8303896	55.6578460134052
43.87539	55.440724208087
43.9203904	55.2236817900997
43.9653908	55.0067178682822
44.0103912	54.7898315619211
44.0553916	54.5730220007521
44.100392	54.3562883249588
44.1453924	54.1396296851731
44.1903928	53.9230452424752
44.2353932	53.7065341683934
44.2803936	53.4900956449047
44.325394	53.2737288644341
44.3703944	53.057433029855
44.4153948	52.8412073544888
44.4603952	52.6250510621058
44.5053956	52.4089633869239
44.550396	52.1929435736096
44.5953964	51.9769908772779
44.6403968	51.7611045634917
44.6853972	51.5452839082625
44.7303976	51.3295281980499
44.775398	51.1138367297616
44.8203984	50.898208810754
44.8653988	50.6826437588318
44.9103992	50.4671409022475
44.9553996	50.2516995797023
45.0004	50.0363191403456
